LGBMClassifier(colsample_bylevel=0.731466202443539,
               learning_rate=0.48211152588941897, max_depth=7, n_estimators=991,
               n_jobs=-1, reg_lambda=159, subsample=0.21927297312660646)