LGBMClassifier(colsample_bylevel=0.5493079066521256,
               learning_rate=0.1574805403599813, max_depth=5, n_estimators=722,
               n_jobs=-1, reg_lambda=32, subsample=0.4201000972411192)