LGBMClassifier(colsample_bylevel=0.5405924140883066,
               learning_rate=0.9712747599039228, max_depth=4, n_estimators=573,
               n_jobs=-1, reg_lambda=925, subsample=0.7180755241263913)