LGBMClassifier(colsample_bylevel=0.34997933079350596,
               learning_rate=0.9119429646550654, max_depth=10, n_estimators=895,
               n_jobs=-1, reg_lambda=76, subsample=0.1329357297764073)