LGBMClassifier(colsample_bylevel=0.2039630407159963,
               learning_rate=0.8182603762265689, max_depth=8, n_estimators=586,
               n_jobs=-1, reg_lambda=620, subsample=0.8091311405592901)