LGBMClassifier(colsample_bylevel=0.5569186078533757,
               learning_rate=0.9949567009497549, max_depth=10, n_estimators=407,
               n_jobs=-1, reg_lambda=580, subsample=0.19340271932029998)